-17.871593475341797 1.5782594680786133
-14.35960578918457 -2.8480944633483887
-10.494339942932129 -2.4116930961608887
-8.72795295715332 -0.6037464141845703
-11.74120044708252 0.5184283256530762
-9.122794151306152 5.40196418762207
-6.026423454284668 6.773508548736572
-6.774540424346924 3.801825761795044
-8.956544876098633 1.3288874626159668
-7.60577917098999 0.2690553665161133
-2.472872734069824 11.573920249938965
-4.218480110168457 14.44169807434082
-7.294065475463867 13.444211959838867
-7.335628509521484 10.368623733520508
-8.39545726776123 8.290522575378418
-11.491827964782715 7.729435920715332
-11.01386547088623 9.454259872436523
-8.60326862335205 10.784244537353516
-9.559195518493652 12.862342834472656
-12.260725021362305 13.194838523864746
-14.401167869567871 13.111716270446777
-14.650540351867676 11.470015525817871
-13.943985939025879 9.57894515991211
-14.85835075378418 7.999589920043945
-16.728639602661133 9.662069320678711
-17.497535705566406 13.132495880126953
-20.09516143798828 11.137519836425781
-18.744396209716797 8.95551586151123
-21.113431930541992 6.524138927459717
-22.73434829711914 7.999589920043945
-22.775909423828125 5.360401153564453
-20.69780921936035 1.6406021118164062
-19.097673416137695 1.515916347503662
-16.001304626464844 5.29805850982666
-11.325580596923828 4.342132091522217
-13.736176490783691 1.1834197044372559
